1;Aemon;Drama;Horror;2;3;22;6;52
2;Grenn;Crime;Comedy;1;77;22;3
3;Samwell;Drama;Sci-Fi;1;16;33;22;35;88;83;59;77;78;2;82;10;90;52
4;Aerys;Drama;Adventure;5;6;7;8
5;Jaime;Action;Drama;4;13;43;18;76;27;30;38;44;53;20;21;28;55;79;80;6;52;81;7;49;51;8;107
6;Robert;Action;Drama;4;13;18;64;76;5;22;95;70;1;30;80;52;26;25;51;7;8
7;Tyrion;Fantasy;Crime;4;13;43;18;5;21;47;86;49;51;27;39;104;106;53;100;20;54;82;84;28;101;85;55;12;48;40;56;80;6;25;57;52;58;8;71
8;Tywin;Action;Drama;4;47;49;27;17;18;20;5;21;84;101;12;48;40;56;6;52;81;7;93;58;42
9;Alliser;Crime;Comedy;10;82;22
10;Mance;Fantasy;Comedy;9;82;22;59;87;78;90;91;92;93;94;3
11;Amory;Action;Crime;12
12;Oberyn;Comedy;Horror;11;20;21;100;101;7;8
13;Arya;Horror;Sci-Fi;14;15;16;17;18;19;20;5;21;22;23;6;24;25;26;7;76;49;51
14;Anguy;Action;Fantasy;13;15
15;Beric;Action;Drama;13;14;19;26;76;25
16;Bran;Sci-Fi;Adventure;13;32;33;22;34;35;36;23;3;37;43;76;49;51
17;Brynden;Crime;Horror;13;41;42;43;44;102;49;8
18;Cersei;Sci-Fi;Drama;13;43;38;39;53;20;54;5;21;55;56;6;25;57;7;58;76;47;51;8